0000000001010000000000000110111100000000011010010000000001101110000000000111010000000000001000000000000000110001
0000010000011010000001000011111000000100001111100000010000111110000001000100000000000100001101000000010000111000000001000011110100000100001100000000010001000010000001000100101100000000001000000000010001000010000001000011111000000100010001110000010000110101000001000011101000000000001110100000000000100000000000000111101100000000001100100000000000101100000000000010000000000000001101000000000001111101

0000000001010000000000000110111100000000011010010000000001101110000000000111010000000000001000000000000000110010
0000010000011010000001000011111000000100001111100000010000111110000001000100000000000100001101000000010000111000000001000011110100000100001100000000010001000010000001000100101100000000001000000000010001000010000001000011111000000100010001110000010000110101000001000011101000000000001110100000000000100000000000000111101100000000001100110000000000101100000000000010000000000000001101010000000001111101

0000000001010000000000000110111100000000011010010000000001101110000000000111010000000000001000000000000000110011
0000010000011010000001000011111000000100001111100000010000111110000001000100000000000100001101000000010000111000000001000011110100000100001100000000010001000010000001000100101100000000001000000000010001000010000001000011111000000100010001110000010000110101000001000011101000000000001110100000000000100000000000000111101100000000001100110000000000101100000000000010000000000000001100010000000001111101

0000000001010000000000000110111100000000011010010000000001101110000000000111010000000000001000000000000000110100
0000010000011010000001000011111000000100001111100000010000111110000001000100000000000100001101000000010000111000000001000011110100000100001100000000010001000010000001000100101100000000001000000000010001000010000001000011111000000100010001110000010000110101000001000011101000000000001110100000000000100000000000000111101100000000001100110000000000101100000000000010000000000000001101100000000001111101

0000000001010100000000000111001000000000011010010000000001100001000000000110111000000000011001110000000001101100000000000110010100000000001000000000000000110001
00000100000110100000010000111110000001000011111000000100001111100000010001000000000001000011010000000100001110000000010000111101000001000011000000000100010000100000010001001011000000000010000000000100010000100000010000111110000001000100011100000100001101010000010000111010000000000011101000000000001000000000000001111011000000000011001000000000001011000000000000100000000000000011010000000000011111010000000000101100000000000010000000000000011110110000000000110011000000000010110000000000001000000000000000110101000000000111110100000000001011000000000000100000000000000111101100000000001101100000000000101100000000000010000000000000001101110000000001111101

0000000001010100000000000111001000000000011010010000000001100001000000000110111000000000011001110000000001101100000000000110010100000000001000000000000000110010
000001000001101000000100001111100000010000111110000001000011111000000100010000000000010000110100000001000011100000000100001111010000010000110000000001000100001000000100010010110000000000100000000001000100001000000100001111100000010001000111000001000011010100000100001110100000000000111010000000000010000000000000011110110000000000110001000000000011001000000000001011000000000000100000000000000011010000000000011111010000000000101100000000000010000000000000011110110000000000110111000000000010110000000000001000000000000000110100000000000111110100000000001011000000000000100000000000000111101100000000001110000000000000101100000000000010000000000000001101110000000001111101

0000000001010100000000000111001000000000011010010000000001100001000000000110111000000000011001110000000001101100000000000110010100000000001000000000000000110011
00000100000110100000010000111110000001000011111000000100001111100000010001000000000001000011010000000100001110000000010000111101000001000011000000000100010000100000010001001011000000000010000000000100010000100000010000111110000001000100011100000100001101010000010000111010000000000011101000000000001000000000000001111011000000000011001100000000001011000000000000100000000000000011000100000000011111010000000000101100000000000010000000000000011110110000000000110010000000000010110000000000001000000000000000111001000000000111110100000000001011000000000000100000000000000111101100000000001101100000000000101100000000000010000000000000001110000000000001111101

0000000001010100000000000111001000000000011010010000000001100001000000000110111000000000011001110000000001101100000000000110010100000000001000000000000000110100
00000100000110100000010000111110000001000011111000000100001111100000010001000000000001000011010000000100001110000000010000111101000001000011000000000100010000100000010001001011000000000010000000000100010000100000010000111110000001000100011100000100001101010000010000111010000000000011101000000000001000000000000001111011000000000011001000000000001011000000000000100000000000000011001100000000011111010000000000101100000000000010000000000000011110110000000000110100000000000010110000000000001000000000000000110111000000000111110100000000001011000000000000100000000000000111101100000000001100110000000000101100000000000010000000000000001101100000000001111101

00000000010100100000000001100101000000000110001100000000011101000000000001100001000000000110111000000000011001110000000001101100000000000110010100000000001000000000000000110001
0000010000011010000001000011111000000100001111100000010000111110000001000100000000000100001101000000010000111000000001000011110100000100001100000000010001000010000001000100101100000000001000000000010001000010000001000011111000000100010001110000010000110101000001000011101000000000001110100000000000100000000000000111101100000000001100100000000000101100000000000010000000000000001101000000000001111101000000000010110000000000001000000000000001111011000000000011001100000000001011000000000000100000000000000011010100000000011111010000000000101100000000000010000000000000011110110000000000110110000000000010110000000000001000000000000000110111000000000111110100000000001011000000000000100000000000000111101100000000001100100000000000101100000000000010000000000000001110010000000001111101

00000000010100100000000001100101000000000110001100000000011101000000000001100001000000000110111000000000011001110000000001101100000000000110010100000000001000000000000000110010
0000010000011010000001000011111000000100001111100000010000111110000001000100000000000100001101000000010000111000000001000011110100000100001100000000010001000010000001000100101100000000001000000000010001000010000001000011111000000100010001110000010000110101000001000011101000000000001110100000000000100000000000000111101100000000001100110000000000101100000000000010000000000000001101000000000001111101000000000010110000000000001000000000000001111011000000000011001100000000001011000000000000100000000000000011011100000000011111010000000000101100000000000010000000000000011110110000000000110100000000000010110000000000001000000000000000110100000000000111110100000000001011000000000000100000000000000111101100000000001101000000000000101100000000000010000000000000001101110000000001111101

00000000010100100000000001100101000000000110001100000000011101000000000001100001000000000110111000000000011001110000000001101100000000000110010100000000001000000000000000110011
000001000001101000000100001111100000010000111110000001000011111000000100010000000000010000110100000001000011100000000100001111010000010000110000000001000100001000000100010010110000000000100000000001000100001000000100001111100000010001000111000001000011010100000100001110100000000000111010000000000010000000000000011110110000000000110011000000000010110000000000001000000000000000110001000000000111110100000000001011000000000000100000000000000111101100000000001100100000000000101100000000000010000000000000001110010000000001111101000000000010110000000000001000000000000001111011000000000011011000000000001011000000000000100000000000000011100000000000011111010000000000101100000000000010000000000000011110110000000000110001000000000011001000000000001011000000000000100000000000000011001000000000001100010000000001111101

00000000010100100000000001100101000000000110001100000000011101000000000001100001000000000110111000000000011001110000000001101100000000000110010100000000001000000000000000110100
0000010000011010000001000011111000000100001111100000010000111110000001000100000000000100001101000000010000111000000001000011110100000100001100000000010001000010000001000100101100000000001000000000010001000010000001000011111000000100010001110000010000110101000001000011101000000000001110100000000000100000000000000111101100000000001100100000000000101100000000000010000000000000001100110000000001111101000000000010110000000000001000000000000001111011000000000011010000000000001011000000000000100000000000000011011100000000011111010000000000101100000000000010000000000000011110110000000000110011000000000010110000000000001000000000000000110110000000000111110100000000001011000000000000100000000000000111101100000000001100010000000000101100000000000010000000000000001100010000000001111101

000000000100010100000000011011000000000001101100000000000110100100000000011100000000000001110011000000000110010100000000001000000000000000110001
00000100000110100000010000111110000001000011111000000100001111100000010001000000000001000011010000000100001110000000010000111101000001000011000000000100010000100000010001001011000000000010000000000100010000100000010000111110000001000100011100000100001101010000010000111010000000000011101000000000001000000000000001111011000000000011001100000000001011000000000000100000000000000011000100000000001100100000000001111101
0000010000010010000001000100101100000100010000010000010000111110000001000100001000000100001100000000000000111010000000000010000000000000001100010000000000110010
000001000010100000000100001110000000010001000000000001000011100000000100001111010000010000110000000000000011101000000000001000000000000000110011
0000010000100011000001000011001100000100001111100000010000111011000000000010000000000100001111010000010000110000000001000011101000000100001110110000010000111110000001000011110100000100001100000000000000111010000000000010000000000000001100110000000000110101

000000000100010100000000011011000000000001101100000000000110100100000000011100000000000001110011000000000110010100000000001000000000000000110010
00000100000110100000010000111110000001000011111000000100001111100000010001000000000001000011010000000100001110000000010000111101000001000011000000000100010000100000010001001011000000000010000000000100010000100000010000111110000001000100011100000100001101010000010000111010000000000011101000000000001000000000000001111011000000000011010000000000001011000000000000100000000000000011000100000000001100010000000001111101
000001000001001000000100010010110000010001000001000001000011111000000100010000100000010000110000000000000011101000000000001000000000000000110101
000001000010100000000100001110000000010001000000000001000011100000000100001111010000010000110000000000000011101000000000001000000000000000110001
000001000010001100000100001100110000010000111110000001000011101100000000001000000000010000111101000001000011000000000100001110100000010000111011000001000011111000000100001111010000010000110000000000000011101000000000001000000000000000110000

000000000100010100000000011011000000000001101100000000000110100100000000011100000000000001110011000000000110010100000000001000000000000000110011
0000010000011010000001000011111000000100001111100000010000111110000001000100000000000100001101000000010000111000000001000011110100000100001100000000010001000010000001000100101100000000001000000000010001000010000001000011111000000100010001110000010000110101000001000011101000000000001110100000000000100000000000000111101100000000001101000000000000101100000000000010000000000000001101000000000001111101
000001000001001000000100010010110000010001000001000001000011111000000100010000100000010000110000000000000011101000000000001000000000000000110100
000001000010100000000100001110000000010001000000000001000011100000000100001111010000010000110000000000000011101000000000001000000000000000110101
0000010000100011000001000011001100000100001111100000010000111011000000000010000000000100001111010000010000110000000001000011101000000100001110110000010000111110000001000011110100000100001100000000000000111010000000000010000000000000001110010000000000110000

000000000100010100000000011011000000000001101100000000000110100100000000011100000000000001110011000000000110010100000000001000000000000000110100
0000010000011010000001000011111000000100001111100000010000111110000001000100000000000100001101000000010000111000000001000011110100000100001100000000010001000010000001000100101100000000001000000000010001000010000001000011111000000100010001110000010000110101000001000011101000000000001110100000000000100000000000000111101100000000001101100000000000101100000000000010000000000000001110010000000001111101
000001000001001000000100010010110000010001000001000001000011111000000100010000100000010000110000000000000011101000000000001000000000000000110110
000001000010100000000100001110000000010001000000000001000011100000000100001111010000010000110000000000000011101000000000001000000000000000110011
000001000010001100000100001100110000010000111110000001000011101100000000001000000000010000111101000001000011000000000100001110100000010000111011000001000011111000000100001111010000010000110000000000000011101000000000001000000000000000110101

